read : 409 610 615 754 800 814 856 1144 1176 1208 1223 1240 1259 1269 1409 1410 1421 1439 1473 1476 1522 1548 1734 
failure : 447 643 647 648 1136 1578 1580 2142 2208 2213 2214 2218 2219 
read and failure : Not Found
offence or evidence : 10 12 13 16 21 24 26 35 37 55 156 169 173 174 175 176 189 193 195 218 224 226 228 231 236 237 238 242 247 248 249 250 251 253 256 259 261 263 265 267 268 280 283 287 289 291 299 300 308 309 320 325 339 341 364 367 387 403 407 413 414 456 493 496 507 510 533 535 539 544 546 559 562 574 576 577 578 579 592 599 605 608 615 616 617 621 633 637 638 643 682 714 718 741 742 744 754 779 795 800 803 804 806 814 815 819 821 830 831 832 845 846 847 848 850 853 854 856 857 858 861 875 879 883 884 887 889 891 893 894 900 901 906 907 909 910 911 912 918 919 922 928 932 933 939 941 945 952 954 956 957 962 964 965 966 968 969 971 972 973 974 975 977 978 979 981 982 984 986 987 988 990 992 993 996 997 999 1001 1003 1004 1006 1008 1010 1011 1012 1013 1014 1015 1019 1020 1022 1023 1024 1025 1027 1030 1031 1032 1033 1035 1037 1038 1041 1042 1045 1046 1047 1048 1049 1051 1052 1053 1058 1059 1061 1065 1069 1070 1071 1073 1078 1088 1089 1090 1091 1098 1102 1105 1107 1108 1109 1110 1114 1115 1116 1117 1118 1120 1123 1126 1127 1128 1131 1135 1136 1147 1153 1157 1158 1159 1160 1161 1162 1169 1170 1176 1178 1180 1182 1183 1184 1185 1186 1187 1188 1192 1193 1194 1196 1197 1198 1202 1205 1206 1208 1211 1212 1214 1216 1223 1225 1228 1239 1240 1242 1245 1246 1247 1251 1252 1255 1258 1261 1263 1264 1269 1270 1272 1281 1287 1291 1293 1298 1299 1313 1314 1316 1322 1326 1331 1338 1339 1342 1343 1347 1355 1356 1371 1372 1378 1385 1388 1389 1391 1393 1396 1397 1398 1399 1401 1402 1403 1404 1405 1406 1407 1408 1409 1410 1411 1412 1413 1414 1416 1424 1425 1433 1434 1439 1440 1448 1451 1453 1454 1456 1457 1460 1473 1474 1475 1476 1487 1488 1489 1490 1492 1493 1494 1495 1496 1497 1507 1509 1511 1527 1529 1531 1534 1539 1540 1541 1542 1544 1545 1549 1551 1553 1556 1558 1560 1564 1569 1572 1577 1578 1580 1587 1588 1590 1593 1595 1596 1597 1598 1599 1600 1601 1602 1603 1604 1606 1607 1613 1618 1619 1622 1624 1625 1626 1629 1631 1632 1641 1644 1648 1659 1663 1664 1666 1675 1678 1684 1687 1692 1693 1694 1704 1705 1707 1710 1711 1712 1714 1726 1744 1745 1746 1747 1748 1753 1756 1762 1771 1772 1773 1786 1792 1795 1796 1797 1802 1823 1824 1825 1826 1829 1835 1863 1866 1868 1869 1902 1909 1915 1919 1922 1923 1924 1925 1926 1946 1976 2048 2049 2059 2065 2075 2078 2079 2085 2087 2088 2089 2090 2091 2092 2094 2095 2098 2099 2101 2104 2110 2113 2114 2139 2150 2152 2154 2158 2159 2168 2169 2182 2184 2185 2201 2210 2222 2224 2226 2227 2228 2229 2232 2233 2234 2238 2239 2244 2245 2247 2249 2252 2263 
penalty : 55 738 757 844 951 1792 2086 2135 2136 2137 2259 
penalty and investigated : 2259 
case and order not trial : 198 207 303 345 431 460 496 508 562 563 625 638 640 643 644 650 651 654 655 656 658 662 673 674 682 685 689 691 692 693 745 757 767 773 780 788 796 823 826 830 840 843 903 906 934 951 1028 1228 1267 1272 1278 1297 1372 1561 1624 1637 1651 1653 1655 1677 1683 1705 1784 1796 1808 1831 1866 1867 1869 1872 1873 1874 1912 1940 1946 1951 1965 1968 1970 1985 1986 1990 2006 2037 2038 2039 2082 2143 2146 2147 2163 2169 2174 2239 
magistrates and subinspector : Not Found
offender and authority : 242 1782 
investigation and report not trial : 13 512 838 908 920 932 934 939 941 
criminal not subinspector : 1 4 18 62 63 226 527 534 538 540 577 578 589 705 844 887 918 951 961 974 986 1012 1013 1017 1020 1024 1025 1027 1123 1127 1160 1169 1181 1182 1189 1196 1231 1276 1370 1424 1433 1446 1499 1511 1529 1541 1562 1577 1581 1595 1596 1629 1710 1718 1726 1729 1738 1762 1763 1773 1815 1816 1835 1840 1910 1943 1966 1968 1973 1977 1980 1990 2016 2017 2018 2019 2034 2068 2150 2154 2168 2173 2208 2257 2269 2271 
medical and rupee : Not Found
