न्यायालय : 14 15 17 18 20 22 29 53 55 63 64 70 71 77 78 79 80 81 82 83 84 85 87 90 91 92 93 95 96 97 98 100 101 102 104 106 110 111 112 115 116 118 119 120 123 139 146 153 160 168 170 171 172 173 174 175 176 177 178 179 182 183 184 185 187 192 193 195 198 200 202 242 255 257 268 318 339 345 354 356 361 363 365 367 368 370 371 374 375 377 381 382 384 392 395 396 398 400 401 403 407 412 413 414 415 417 420 428 429 431 435 436 437 440 441 442 443 445 446 448 449 453 459 460 462 463 464 465 489 490 491 492 494 504 508 512 514 516 523 525 527 528 529 538 539 540 541 542 544 545 546 548 550 553 555 559 562 563 564 566 568 570 574 581 610 611 615 640 642 643 644 646 648 651 657 658 659 661 672 682 683 685 692 705 731 741 776 788 789 790 791 794 801 826 847 887 890 891 894 903 913 915 918 919 952 956 962 967 968 969 971 972 973 974 975 977 978 979 982 983 984 985 986 989 993 1004 1005 1007 1009 1011 1013 1014 1015 1016 1017 1018 1021 1026 1027 1030 1033 1034 1035 1037 1038 1039 1041 1043 1046 1048 1049 1051 1052 1058 1063 1066 1067 1070 1071 1072 1097 1098 1101 1102 1103 1105 1106 1119 1120 1138 1139 1140 1141 1142 1143 1145 1146 1148 1149 1150 1183 1198 1199 1200 1201 1202 1206 1207 1225 1227 1228 1229 1232 1249 1289 1299 1305 1316 1333 1334 1342 1343 1344 1345 1346 1347 1348 1349 1350 1351 1352 1353 1354 1355 1356 1357 1358 1359 1370 1371 1372 1385 1386 1387 1390 1391 1393 1396 1400 1401 1405 1406 1407 1413 1414 1415 1418 1419 1420 1424 1425 1428 1429 1432 1433 1436 1437 1439 1440 1444 1445 1446 1449 1452 1455 1461 1462 1471 1473 1474 1477 1479 1481 1484 1486 1489 1490 1493 1495 1496 1497 1501 1506 1507 1511 1513 1514 1518 1524 1525 1529 1534 1540 1541 1542 1544 1545 1547 1548 1549 1550 1551 1553 1555 1556 1560 1562 1564 1565 1566 1570 1572 1574 1575 1577 1578 1580 1581 1584 1586 1588 1589 1590 1591 1593 1597 1598 1599 1600 1601 1605 1611 1618 1620 1629 1630 1633 1643 1644 1645 1648 1649 1651 1653 1654 1655 1656 1658 1659 1660 1661 1662 1663 1666 1667 1672 1673 1675 1683 1684 1687 1689 1692 1694 1695 1696 1698 1700 1705 1706 1707 1708 1710 1711 1712 1713 1714 1716 1717 1718 1719 1720 1722 1723 1724 1725 1726 1729 1733 1734 1737 1738 1742 1746 1748 1762 1765 1769 1771 1775 1776 1777 1780 1781 1792 1793 1795 1797 1798 1799 1801 1802 1803 1805 1808 1811 1812 1814 1815 1816 1817 1818 1820 1821 1822 1824 1825 1826 1827 1829 1831 1833 1835 1838 1840 1841 1845 1847 1848 1850 1851 1858 1859 1860 1861 1862 1864 1866 1867 1868 1870 1871 1872 1873 1875 1877 1878 1879 1880 1881 1883 1885 1887 1888 1889 1891 1896 1897 1898 1901 1902 1909 1910 1911 1912 1913 1915 1916 1917 1919 1921 1922 1923 1924 1927 1928 1933 1935 1936 1937 1938 1939 1940 1941 1943 1945 1946 1948 1949 1950 1952 1953 1955 1957 1958 1959 1960 1962 1963 1964 1965 1967 1968 1969 1970 1971 1972 1973 1976 1977 1978 1980 1983 1985 1986 1987 1990 1991 1992 1996 2006 2007 2008 2009 2010 2011 2012 2016 2019 2021 2022 2027 2029 2032 2033 2034 2036 2038 2039 2049 2055 2060 2068 2085 2086 2087 2088 2090 2091 2092 2095 2096 2097 2099 2100 2101 2104 2105 2107 2108 2110 2111 2112 2114 2115 2118 2120 2122 2123 2124 2126 2128 2133 2135 2136 2137 2139 2142 2143 2144 2147 2148 2150 2151 2154 2155 2156 2159 2161 2162 2163 2165 2166 2168 2169 2173 2177 2208 2210 2213 2214 2216 2218 2219 2224 2237 2243 2245 2247 2248 2249 2251 2253 2255 2256 2262 2263 2264 2266 2267 
प्रतिहेतु and आशय : 218 
मजिस्ट्रेट and स्थानीय and अधिकारिता not प्रतिभुअों : 22 91 102 106 115 118 291 292 300 365 367 387 395 398 400 401 508 525 529 540 584 586 593 758 776 794 826 956 1431 1818 1943 2033 2264 
औषधि and प्रसाधन : 595 
प्रतिनियुक्त and मजिस्ट्रेट and जांच : 799 838 
केंद्रीय not सरकार or समपहरण : 486 490 491 493 494 530 543 544 545 546 558 561 563 567 568 641 844 951 1017 2138 2140 2143 
समपहरणप्रतिनियुक्त : Not Found
मनश्चिकित्सा not प्रमुख : 1639 1647 
निरीक्षक not बल and उपनिरीक्षक : Not Found
निरीक्षक not बल : 157 325 486 548 697 1028 1509 
याचिका or परिचालित and निर्णय : 1358 2101 
